1 6.0558422062 1 4
2 5.3051880684 1 4
3 3.9388114893 1 1
4 4.2985436925 1 6
5 5.5827881731 1 0
6 4.8942631705 1 8
7 4.5075339143 0 6
8 6.1575326536 0 1
9 4.1852066372 1 7
10 5.6361043334 1 8
11 5.5583253923 1 3
12 5.4596035984 0 3
13 5.8752298549 0 4
14 5.0164490054 0 1
15 5.6140844176 0 1
16 5.8780683996 1 11
17 4.7063989661 0 1
18 5.7963664944 1 3
19 5.8727547274 0 3
20 3.8622599154 1 6
21 6.3531257235 1 3
22 6.0123020257 1 8
23 5.8213952652 0 0
24 5.166663384 0 3
25 5.581221708 1 8
26 4.6725490689 0 1
27 4.9480360599 1 0
28 5.849554863 0 4
29 6.4627846819 1 0
30 4.7441782459 1 6
31 3.4734962699 1 0
32 6.2314524202 0 1
33 6.1823153168 0 3
34 5.7047340723 0 2
35 5.5110833881 0 4
36 5.7143653245 0 1
37 5.944509678 0 2
38 5.6661672679 0 3
39 5.2225354849 0 1
40 5.7850813761 1 3
41 5.6938201328 0 0
42 5.2220509662 1 6
43 3.9385314387 0 1
44 6.0353777969 0 6
45 5.6477299965 1 10
46 5.7289579814 0 0
47 5.0968961616 0 3
48 4.2524523728 1 9
49 3.8236870678 1 3
50 4.9810844939 0 1
51 3.9499825845 0 1
52 4.6481351682 1 1
53 3.5613143121 1 2
54 4.6413072025 1 4
55 4.0416507723 1 1
56 5.7624500973 0 1
57 4.2518767213 0 4
58 5.6088433011 1 7
59 3.9295911686 1 2
60 5.0262612289 1 2
61 4.89343345 1 3
62 5.9805551893 1 4
63 5.4772006904 0 5
64 5.3285227622 1 11
65 6.2403730761 1 1
66 4.0656050704 1 9
67 5.4652706177 1 2
68 5.660996769 0 1
69 3.2252352637 1 2
70 6.0810262582 0 1
71 5.5206089312 0 5
72 4.9589740679 0 0
73 6.0734834277 0 1
74 4.9773925501 1 3
75 5.3708656058 0 1
76 3.9795170596 1 4
77 4.9887769409 0 0
78 3.8208965743 0 7
79 5.8806411802 1 6
80 5.1361962282 0 0
81 3.9369948147 0 0
82 4.7462231131 1 0
83 4.6209402451 1 7
84 3.8970316874 0 2
85 6.124528638 1 9
86 5.2100183645 1 2
87 4.5049462419 1 2
88 5.4187839377 1 6
89 3.9037688443 1 5
90 5.8650729525 1 6
91 6.3251216177 1 11
92 5.8481022406 1 9
93 4.9943980228 0 0
94 6.0524084139 1 7
95 5.6154254284 0 3
96 6.2781619562 0 5
97 4.8480734259 1 0
98 6.2876008409 0 0
99 5.5313162641 0 2
100 6.0354369612 0 1
101 4.7020498966 0 2
102 4.7433704039 0 0
103 5.531503028 1 8
104 6.4320861133 1 8
105 3.9264567728 1 0
106 4.4579463948 1 5
107 6.1078767384 0 0
108 5.3333184384 0 3
109 6.4274693458 0 0
110 5.0589128395 0 2
111 5.3417333669 0 1
112 5.0533864523 1 1
113 5.9512548048 0 4
114 6.2256233679 1 9
115 5.8811852837 0 7
116 5.1436372188 1 2
117 4.9906051347 0 1
118 4.4343149136 0 3
119 4.6778018918 1 6
120 5.3533258334 1 6
121 4.4292161948 1 0
122 5.6807058031 0 3
123 4.7323562032 0 0
124 4.6482297364 1 0
125 6.1630802303 0 2
126 5.0718036401 0 1
127 4.8437208952 0 2
128 4.1248541388 1 5
129 4.4479532247 1 0
130 5.5323316336 1 10
131 4.3940261249 1 3
132 4.3753098466 0 7
133 4.9100868188 0 0
134 5.6666446584 0 2
135 5.8961989598 1 3
136 5.1392057292 1 6
137 4.469987432 0 3
138 4.3238039474 1 2
139 3.8902588345 1 4
140 5.7291521687 1 5
141 6.1491728275 0 0
142 4.5921861186 0 2
143 4.7531641607 0 0
144 4.8860612187 1 0
145 4.6345793259 1 5
146 4.8808915541 1 4
147 4.8812830997 1 0
148 3.9597117761 0 0
149 5.5772051403 1 3
150 4.1987063584 1 5
151 3.9619106559 0 1
152 4.8569080997 0 4
153 5.2124802709 1 8
154 5.4078096892 0 0
155 5.9588773951 0 4
156 4.1492925843 0 1
157 5.2345834916 1 2
158 4.5065260447 1 3
159 4.7727844002 0 0
160 5.2687718245 0 0
161 5.0940223931 0 1
162 6.2287711973 0 0
163 5.4910530787 0 1
164 5.4687929123 1 5
165 5.2349003184 0 3
166 5.5608757 1 1
167 4.7043418613 0 1
168 5.668770036 0 0
169 5.9080393466 0 1
170 3.2740337346 0 0
171 6.0231978838 1 4
172 4.5067508157 1 1
173 4.9551890788 0 2
174 4.8641445694 1 6
175 5.2008040092 1 3
176 4.7534559697 0 1
177 5.0223145007 1 6
178 6.218415772 0 3
179 5.6890550971 1 6
180 5.4795308494 0 1
181 4.8032469328 1 2
182 5.0067666468 1 6
183 5.4491384746 0 6
184 5.3049023594 0 0
185 5.2917845729 0 1
186 3.9497361193 1 3
187 5.6374412547 0 3
188 5.2424321095 0 5
189 5.8696944945 0 2
190 5.3394440975 1 1
191 6.4354160553 1 6
192 6.2366590018 1 13
193 3.2255527911 0 0
194 6.0673591951 1 8
195 6.3785061802 1 7
196 4.9499346484 1 13
197 5.8111345398 0 3
198 4.5831216245 1 0
199 5.4348732527 1 1
200 6.2116130657 0 5
201 5.7965118009 0 0
202 5.7161930072 1 4
203 6.0043851045 1 3
204 3.8440955496 0 0
205 5.2768840472 1 2
206 4.8805711288 0 2
207 5.3877617795 1 4
208 4.0596488822 1 1
209 5.1587987924 0 2
210 5.3666373411 1 3
211 5.3596576344 1 3
212 5.8274735148 0 0
213 4.1051365132 1 8
214 3.1941071786 1 5
215 5.6469992414 1 1
216 4.2949180485 1 2
217 5.3333714751 0 4
218 5.3275741513 0 3
219 6.3715356981 1 8
220 5.5795319919 0 2
221 6.0990144573 1 3
222 4.873961547 0 3
223 6.1318393454 0 2
224 3.8072062371 1 0
225 5.3226769771 0 0
226 4.4333610094 1 2
227 6.0198205939 0 1
228 4.9558997335 1 1
229 4.8371600131 1 0
230 3.9435469018 1 5
231 4.4422457941 1 2
232 5.6866264185 0 2
233 5.1895803341 0 2
234 5.1660336751 0 0
235 6.016422912 1 7
236 5.3446423171 0 1
237 6.1901900905 0 2
238 5.8297481136 1 6
239 5.3058069246 1 2
240 5.1145633921 0 7
241 5.6021874083 0 7
242 5.170908677 1 6
243 5.9255150911 0 0
244 6.1782974409 0 2
245 5.5147304275 1 1
246 5.8883565121 0 1
247 4.9740784292 0 0
248 4.5569749966 0 1
249 5.6597758866 1 7
250 5.2262289085 0 1
251 5.7753409054 1 3
252 3.4976570048 1 0
253 6.3534901195 1 1
254 5.4069061499 1 2
255 6.0655263258 1 2
256 5.0308428177 0 4
257 4.997152139 1 9
258 5.1526580254 1 8
259 6.2580006198 1 1
260 4.3428075766 0 2
261 6.0063278059 0 0
262 6.4689170824 0 5
263 5.8481816399 1 0
264 3.9843244031 1 6
265 6.4473983137 0 1
266 4.0342972899 1 3
267 4.9248537897 0 2
268 5.4465776722 1 2
269 5.2559369079 0 2
270 5.675600636 1 8
271 4.9847053916 0 5
272 4.3417410526 0 1
273 5.6210141432 0 1
274 5.0481435014 1 0
275 6.4132925272 1 3
276 5.5144135867 0 0
277 5.4147528697 0 2
278 4.2674603597 1 6
279 4.5804123167 0 1
280 5.332829687 0 8
281 5.0056914009 0 2
282 6.2406561775 1 12
283 3.371987706 0 0
284 3.3241073934 0 0
285 4.5726315262 1 3
286 4.1754306601 1 3
287 6.3376649256 1 2
288 5.8516426165 0 0
289 5.3891063941 1 1
290 5.2537323128 0 0
291 6.3850934998 1 4
292 5.7698778823 0 1
293 6.0619425667 0 4
294 4.3291698588 0 1
295 4.8565712651 1 3
296 4.2510882303 1 1
297 4.5530008689 0 3
298 4.6347632431 0 4
299 5.3122149203 1 7
300 6.4209392076 0 6
301 3.6202086313 0 1
302 4.821499768 0 2
303 5.502506145 1 1
304 5.8470574945 0 0
305 4.882417099 0 0
306 6.3731079064 1 14
307 5.0874911649 0 3
308 5.4869746928 1 2
309 6.3082742046 1 14
310 5.9545836571 0 0
311 4.8292251485 0 2
312 5.2208708278 0 0
313 5.1145989396 0 0
314 5.3110750727 1 12
315 5.3664816413 0 1
316 4.4184147145 1 4
317 5.0509860212 0 1
318 4.9347285122 1 0
319 5.1397837316 1 0
320 5.5413108098 0 1
321 6.3944157559 0 0
322 6.4875129116 1 4
323 6.0727967269 1 3
324 5.0608669348 0 5
325 4.3904412666 0 7
326 5.6882554473 0 5
327 5.3016637276 0 2
328 3.6652923736 0 1
329 4.9095837336 0 1
330 5.0297894018 0 1
331 5.9661392057 0 0
332 5.9885321224 1 8
333 5.0602299288 1 5
334 6.3592320241 1 2
335 6.1322185325 1 8
336 4.3594910033 0 8
337 5.3366933574 1 11
338 4.7304447168 1 2
339 5.1899199164 1 3
340 4.2489519131 1 3
341 3.9511286305 1 0
342 5.0081083717 0 1
343 5.0404334632 0 0
344 5.2727948943 0 1
345 5.8753423233 0 0
346 5.2367173388 1 5
347 5.1961707208 0 0
348 5.5060245195 1 7
349 4.541343178 0 2
350 4.3478914298 1 3
351 6.2074292191 0 3
352 4.4264436473 0 0
353 4.3870243018 0 2
354 6.1852890973 0 0
355 6.4806467946 0 0
356 4.7307143912 0 0
357 5.4984528468 1 0
358 5.0406958524 0 0
359 4.673070387 1 4
360 4.8084587479 1 0
361 6.0390855356 0 0
362 4.0317569453 1 2
363 5.6826844056 0 3
364 5.035473231 1 2
365 5.5800765911 1 4
366 6.0843807935 1 2
367 3.6330247033 0 0
368 4.1971182219 0 4
369 6.0415644803 1 7
370 4.956097107 0 0
371 4.6508465325 1 2
372 5.4415694122 1 0
373 5.4523230859 0 1
374 5.1271561111 0 0
375 4.5720685679 1 1
376 3.9312995302 1 8
377 4.8351246922 0 0
378 3.780205125 1 4
379 5.5710404293 1 2
380 4.5778444965 1 1
381 5.4903137002 0 5
382 5.2166597123 1 0
383 3.6091307194 1 2
384 5.8835441269 0 5
385 3.6348762142 1 3
386 6.1624828035 0 4
387 5.7029389829 0 1
388 6.4406026456 1 17
389 3.9805251804 0 1
390 5.3681638596 0 0
391 6.2891466674 1 2
392 5.4166621861 1 2
393 5.1138880929 0 0
394 5.9816062875 1 0
395 5.6814029783 0 1
396 3.922867448 0 1
397 4.0679166602 0 2
398 3.4543406132 1 0
399 5.9881957254 0 2
400 5.8377009809 0 0
